	dw      0,     25,     50,     75,    101,    126,    151,    176
	dw    201,    226,    251,    276,    302,    327,    352,    377
	dw    402,    427,    452,    477,    503,    528,    553,    578
	dw    603,    628,    653,    678,    704,    729,    754,    779
	dw    804,    829,    854,    879,    904,    929,    955,    980
	dw   1005,   1030,   1055,   1080,   1105,   1130,   1155,   1180
	dw   1205,   1230,   1255,   1280,   1306,   1331,   1356,   1381
	dw   1406,   1431,   1456,   1481,   1506,   1531,   1556,   1581
	dw   1606,   1631,   1656,   1681,   1706,   1731,   1756,   1781
	dw   1806,   1831,   1856,   1881,   1906,   1931,   1956,   1981
	dw   2006,   2031,   2055,   2080,   2105,   2130,   2155,   2180
	dw   2205,   2230,   2255,   2280,   2305,   2329,   2354,   2379
	dw   2404,   2429,   2454,   2479,   2503,   2528,   2553,   2578
	dw   2603,   2628,   2652,   2677,   2702,   2727,   2752,   2776
	dw   2801,   2826,   2851,   2875,   2900,   2925,   2949,   2974
	dw   2999,   3024,   3048,   3073,   3098,   3122,   3147,   3172
	dw   3196,   3221,   3246,   3270,   3295,   3320,   3344,   3369
	dw   3393,   3418,   3442,   3467,   3492,   3516,   3541,   3565
	dw   3590,   3614,   3639,   3663,   3688,   3712,   3737,   3761
	dw   3786,   3810,   3835,   3859,   3883,   3908,   3932,   3957
	dw   3981,   4005,   4030,   4054,   4078,   4103,   4127,   4151
	dw   4176,   4200,   4224,   4249,   4273,   4297,   4321,   4346
	dw   4370,   4394,   4418,   4442,   4467,   4491,   4515,   4539
	dw   4563,   4587,   4612,   4636,   4660,   4684,   4708,   4732
	dw   4756,   4780,   4804,   4828,   4852,   4876,   4900,   4924
	dw   4948,   4972,   4996,   5020,   5044,   5068,   5092,   5115
	dw   5139,   5163,   5187,   5211,   5235,   5259,   5282,   5306
	dw   5330,   5354,   5377,   5401,   5425,   5449,   5472,   5496
	dw   5520,   5543,   5567,   5591,   5614,   5638,   5661,   5685
	dw   5708,   5732,   5756,   5779,   5803,   5826,   5850,   5873
	dw   5897,   5920,   5943,   5967,   5990,   6014,   6037,   6060
	dw   6084,   6107,   6130,   6154,   6177,   6200,   6223,   6247
	dw   6270,   6293,   6316,   6339,   6363,   6386,   6409,   6432
	dw   6455,   6478,   6501,   6524,   6547,   6570,   6593,   6616
	dw   6639,   6662,   6685,   6708,   6731,   6754,   6777,   6800
	dw   6823,   6846,   6868,   6891,   6914,   6937,   6960,   6982
	dw   7005,   7028,   7050,   7073,   7096,   7118,   7141,   7164
	dw   7186,   7209,   7231,   7254,   7276,   7299,   7321,   7344
	dw   7366,   7389,   7411,   7434,   7456,   7478,   7501,   7523
	dw   7545,   7568,   7590,   7612,   7635,   7657,   7679,   7701
	dw   7723,   7746,   7768,   7790,   7812,   7834,   7856,   7878
	dw   7900,   7922,   7944,   7966,   7988,   8010,   8032,   8054
	dw   8076,   8098,   8119,   8141,   8163,   8185,   8207,   8228
	dw   8250,   8272,   8293,   8315,   8337,   8358,   8380,   8401
	dw   8423,   8445,   8466,   8488,   8509,   8531,   8552,   8573
	dw   8595,   8616,   8638,   8659,   8680,   8702,   8723,   8744
	dw   8765,   8787,   8808,   8829,   8850,   8871,   8892,   8914
	dw   8935,   8956,   8977,   8998,   9019,   9040,   9061,   9082
	dw   9102,   9123,   9144,   9165,   9186,   9207,   9227,   9248
	dw   9269,   9290,   9310,   9331,   9352,   9372,   9393,   9413
	dw   9434,   9455,   9475,   9496,   9516,   9537,   9557,   9577
	dw   9598,   9618,   9638,   9659,   9679,   9699,   9720,   9740
	dw   9760,   9780,   9800,   9820,   9841,   9861,   9881,   9901
	dw   9921,   9941,   9961,   9981,  10001,  10020,  10040,  10060
	dw  10080,  10100,  10120,  10139,  10159,  10179,  10198,  10218
	dw  10238,  10257,  10277,  10296,  10316,  10336,  10355,  10374
	dw  10394,  10413,  10433,  10452,  10471,  10491,  10510,  10529
	dw  10549,  10568,  10587,  10606,  10625,  10644,  10663,  10683
	dw  10702,  10721,  10740,  10759,  10778,  10796,  10815,  10834
	dw  10853,  10872,  10891,  10909,  10928,  10947,  10966,  10984
	dw  11003,  11021,  11040,  11059,  11077,  11096,  11114,  11133
	dw  11151,  11169,  11188,  11206,  11224,  11243,  11261,  11279
	dw  11297,  11316,  11334,  11352,  11370,  11388,  11406,  11424
	dw  11442,  11460,  11478,  11496,  11514,  11532,  11550,  11567
	dw  11585,  11603,  11621,  11638,  11656,  11674,  11691,  11709
	dw  11727,  11744,  11762,  11779,  11797,  11814,  11831,  11849
	dw  11866,  11883,  11901,  11918,  11935,  11952,  11970,  11987
	dw  12004,  12021,  12038,  12055,  12072,  12089,  12106,  12123
	dw  12140,  12157,  12173,  12190,  12207,  12224,  12240,  12257
	dw  12274,  12290,  12307,  12324,  12340,  12357,  12373,  12390
	dw  12406,  12423,  12439,  12455,  12472,  12488,  12504,  12520
	dw  12537,  12553,  12569,  12585,  12601,  12617,  12633,  12649
	dw  12665,  12681,  12697,  12713,  12729,  12744,  12760,  12776
	dw  12792,  12807,  12823,  12839,  12854,  12870,  12885,  12901
	dw  12916,  12932,  12947,  12963,  12978,  12993,  13008,  13024
	dw  13039,  13054,  13069,  13085,  13100,  13115,  13130,  13145
	dw  13160,  13175,  13190,  13205,  13219,  13234,  13249,  13264
	dw  13279,  13293,  13308,  13323,  13337,  13352,  13366,  13381
	dw  13395,  13410,  13424,  13439,  13453,  13467,  13482,  13496
	dw  13510,  13524,  13538,  13553,  13567,  13581,  13595,  13609
	dw  13623,  13637,  13651,  13665,  13678,  13692,  13706,  13720
	dw  13733,  13747,  13761,  13774,  13788,  13802,  13815,  13829
	dw  13842,  13856,  13869,  13882,  13896,  13909,  13922,  13935
	dw  13949,  13962,  13975,  13988,  14001,  14014,  14027,  14040
	dw  14053,  14066,  14079,  14092,  14104,  14117,  14130,  14143
	dw  14155,  14168,  14181,  14193,  14206,  14218,  14231,  14243
	dw  14256,  14268,  14280,  14293,  14305,  14317,  14329,  14341
	dw  14354,  14366,  14378,  14390,  14402,  14414,  14426,  14438
	dw  14449,  14461,  14473,  14485,  14497,  14508,  14520,  14531
	dw  14543,  14555,  14566,  14578,  14589,  14601,  14612,  14623
	dw  14635,  14646,  14657,  14668,  14680,  14691,  14702,  14713
	dw  14724,  14735,  14746,  14757,  14768,  14779,  14789,  14800
	dw  14811,  14822,  14832,  14843,  14854,  14864,  14875,  14885
	dw  14896,  14906,  14917,  14927,  14937,  14948,  14958,  14968
	dw  14978,  14989,  14999,  15009,  15019,  15029,  15039,  15049
	dw  15059,  15069,  15078,  15088,  15098,  15108,  15118,  15127
	dw  15137,  15146,  15156,  15166,  15175,  15184,  15194,  15203
	dw  15213,  15222,  15231,  15240,  15250,  15259,  15268,  15277
	dw  15286,  15295,  15304,  15313,  15322,  15331,  15340,  15349
	dw  15357,  15366,  15375,  15383,  15392,  15401,  15409,  15418
	dw  15426,  15435,  15443,  15451,  15460,  15468,  15476,  15485
	dw  15493,  15501,  15509,  15517,  15525,  15533,  15541,  15549
	dw  15557,  15565,  15573,  15581,  15588,  15596,  15604,  15611
	dw  15619,  15627,  15634,  15642,  15649,  15656,  15664,  15671
	dw  15679,  15686,  15693,  15700,  15707,  15715,  15722,  15729
	dw  15736,  15743,  15750,  15757,  15763,  15770,  15777,  15784
	dw  15791,  15797,  15804,  15810,  15817,  15824,  15830,  15837
	dw  15843,  15849,  15856,  15862,  15868,  15875,  15881,  15887
	dw  15893,  15899,  15905,  15911,  15917,  15923,  15929,  15935
	dw  15941,  15946,  15952,  15958,  15964,  15969,  15975,  15980
	dw  15986,  15991,  15997,  16002,  16008,  16013,  16018,  16024
	dw  16029,  16034,  16039,  16044,  16049,  16054,  16059,  16064
	dw  16069,  16074,  16079,  16084,  16088,  16093,  16098,  16103
	dw  16107,  16112,  16116,  16121,  16125,  16130,  16134,  16138
	dw  16143,  16147,  16151,  16156,  16160,  16164,  16168,  16172
	dw  16176,  16180,  16184,  16188,  16192,  16195,  16199,  16203
	dw  16207,  16210,  16214,  16218,  16221,  16225,  16228,  16232
	dw  16235,  16238,  16242,  16245,  16248,  16251,  16255,  16258
	dw  16261,  16264,  16267,  16270,  16273,  16276,  16279,  16281
	dw  16284,  16287,  16290,  16292,  16295,  16298,  16300,  16303
	dw  16305,  16308,  16310,  16312,  16315,  16317,  16319,  16321
	dw  16324,  16326,  16328,  16330,  16332,  16334,  16336,  16338
	dw  16340,  16341,  16343,  16345,  16347,  16348,  16350,  16352
	dw  16353,  16355,  16356,  16358,  16359,  16360,  16362,  16363
	dw  16364,  16365,  16367,  16368,  16369,  16370,  16371,  16372
	dw  16373,  16374,  16375,  16375,  16376,  16377,  16378,  16378
	dw  16379,  16380,  16380,  16381,  16381,  16382,  16382,  16382
	dw  16383,  16383,  16383,  16384,  16384,  16384,  16384,  16384
	dw  16384,  16384,  16384,  16384,  16384,  16384,  16383,  16383
	dw  16383,  16382,  16382,  16382,  16381,  16381,  16380,  16380
	dw  16379,  16378,  16378,  16377,  16376,  16375,  16375,  16374
	dw  16373,  16372,  16371,  16370,  16369,  16368,  16367,  16365
	dw  16364,  16363,  16362,  16360,  16359,  16358,  16356,  16355
	dw  16353,  16352,  16350,  16348,  16347,  16345,  16343,  16341
	dw  16340,  16338,  16336,  16334,  16332,  16330,  16328,  16326
	dw  16324,  16321,  16319,  16317,  16315,  16312,  16310,  16308
	dw  16305,  16303,  16300,  16298,  16295,  16292,  16290,  16287
	dw  16284,  16281,  16279,  16276,  16273,  16270,  16267,  16264
	dw  16261,  16258,  16255,  16251,  16248,  16245,  16242,  16238
	dw  16235,  16232,  16228,  16225,  16221,  16218,  16214,  16210
	dw  16207,  16203,  16199,  16195,  16192,  16188,  16184,  16180
	dw  16176,  16172,  16168,  16164,  16160,  16156,  16151,  16147
	dw  16143,  16138,  16134,  16130,  16125,  16121,  16116,  16112
	dw  16107,  16103,  16098,  16093,  16088,  16084,  16079,  16074
	dw  16069,  16064,  16059,  16054,  16049,  16044,  16039,  16034
	dw  16029,  16024,  16018,  16013,  16008,  16002,  15997,  15991
	dw  15986,  15980,  15975,  15969,  15964,  15958,  15952,  15946
	dw  15941,  15935,  15929,  15923,  15917,  15911,  15905,  15899
	dw  15893,  15887,  15881,  15875,  15868,  15862,  15856,  15849
	dw  15843,  15837,  15830,  15824,  15817,  15810,  15804,  15797
	dw  15791,  15784,  15777,  15770,  15763,  15757,  15750,  15743
	dw  15736,  15729,  15722,  15715,  15707,  15700,  15693,  15686
	dw  15679,  15671,  15664,  15656,  15649,  15642,  15634,  15627
	dw  15619,  15611,  15604,  15596,  15588,  15581,  15573,  15565
	dw  15557,  15549,  15541,  15533,  15525,  15517,  15509,  15501
	dw  15493,  15485,  15476,  15468,  15460,  15451,  15443,  15435
	dw  15426,  15418,  15409,  15401,  15392,  15383,  15375,  15366
	dw  15357,  15349,  15340,  15331,  15322,  15313,  15304,  15295
	dw  15286,  15277,  15268,  15259,  15250,  15240,  15231,  15222
	dw  15213,  15203,  15194,  15184,  15175,  15166,  15156,  15146
	dw  15137,  15127,  15118,  15108,  15098,  15088,  15078,  15069
	dw  15059,  15049,  15039,  15029,  15019,  15009,  14999,  14989
	dw  14978,  14968,  14958,  14948,  14937,  14927,  14917,  14906
	dw  14896,  14885,  14875,  14864,  14854,  14843,  14832,  14822
	dw  14811,  14800,  14789,  14779,  14768,  14757,  14746,  14735
	dw  14724,  14713,  14702,  14691,  14680,  14668,  14657,  14646
	dw  14635,  14623,  14612,  14601,  14589,  14578,  14566,  14555
	dw  14543,  14531,  14520,  14508,  14497,  14485,  14473,  14461
	dw  14449,  14438,  14426,  14414,  14402,  14390,  14378,  14366
	dw  14354,  14341,  14329,  14317,  14305,  14293,  14280,  14268
	dw  14256,  14243,  14231,  14218,  14206,  14193,  14181,  14168
	dw  14155,  14143,  14130,  14117,  14104,  14092,  14079,  14066
	dw  14053,  14040,  14027,  14014,  14001,  13988,  13975,  13962
	dw  13949,  13935,  13922,  13909,  13896,  13882,  13869,  13856
	dw  13842,  13829,  13815,  13802,  13788,  13774,  13761,  13747
	dw  13733,  13720,  13706,  13692,  13678,  13665,  13651,  13637
	dw  13623,  13609,  13595,  13581,  13567,  13553,  13538,  13524
	dw  13510,  13496,  13482,  13467,  13453,  13439,  13424,  13410
	dw  13395,  13381,  13366,  13352,  13337,  13323,  13308,  13293
	dw  13279,  13264,  13249,  13234,  13219,  13205,  13190,  13175
	dw  13160,  13145,  13130,  13115,  13100,  13085,  13069,  13054
	dw  13039,  13024,  13008,  12993,  12978,  12963,  12947,  12932
	dw  12916,  12901,  12885,  12870,  12854,  12839,  12823,  12807
	dw  12792,  12776,  12760,  12744,  12729,  12713,  12697,  12681
	dw  12665,  12649,  12633,  12617,  12601,  12585,  12569,  12553
	dw  12537,  12520,  12504,  12488,  12472,  12455,  12439,  12423
	dw  12406,  12390,  12373,  12357,  12340,  12324,  12307,  12290
	dw  12274,  12257,  12240,  12224,  12207,  12190,  12173,  12157
	dw  12140,  12123,  12106,  12089,  12072,  12055,  12038,  12021
	dw  12004,  11987,  11970,  11952,  11935,  11918,  11901,  11883
	dw  11866,  11849,  11831,  11814,  11797,  11779,  11762,  11744
	dw  11727,  11709,  11691,  11674,  11656,  11638,  11621,  11603
	dw  11585,  11567,  11550,  11532,  11514,  11496,  11478,  11460
	dw  11442,  11424,  11406,  11388,  11370,  11352,  11334,  11316
	dw  11297,  11279,  11261,  11243,  11224,  11206,  11188,  11169
	dw  11151,  11133,  11114,  11096,  11077,  11059,  11040,  11021
	dw  11003,  10984,  10966,  10947,  10928,  10909,  10891,  10872
	dw  10853,  10834,  10815,  10796,  10778,  10759,  10740,  10721
	dw  10702,  10683,  10663,  10644,  10625,  10606,  10587,  10568
	dw  10549,  10529,  10510,  10491,  10471,  10452,  10433,  10413
	dw  10394,  10374,  10355,  10336,  10316,  10296,  10277,  10257
	dw  10238,  10218,  10198,  10179,  10159,  10139,  10120,  10100
	dw  10080,  10060,  10040,  10020,  10001,   9981,   9961,   9941
	dw   9921,   9901,   9881,   9861,   9841,   9820,   9800,   9780
	dw   9760,   9740,   9720,   9699,   9679,   9659,   9638,   9618
	dw   9598,   9577,   9557,   9537,   9516,   9496,   9475,   9455
	dw   9434,   9413,   9393,   9372,   9352,   9331,   9310,   9290
	dw   9269,   9248,   9227,   9207,   9186,   9165,   9144,   9123
	dw   9102,   9082,   9061,   9040,   9019,   8998,   8977,   8956
	dw   8935,   8914,   8892,   8871,   8850,   8829,   8808,   8787
	dw   8765,   8744,   8723,   8702,   8680,   8659,   8638,   8616
	dw   8595,   8573,   8552,   8531,   8509,   8488,   8466,   8445
	dw   8423,   8401,   8380,   8358,   8337,   8315,   8293,   8272
	dw   8250,   8228,   8207,   8185,   8163,   8141,   8119,   8098
	dw   8076,   8054,   8032,   8010,   7988,   7966,   7944,   7922
	dw   7900,   7878,   7856,   7834,   7812,   7790,   7768,   7746
	dw   7723,   7701,   7679,   7657,   7635,   7612,   7590,   7568
	dw   7545,   7523,   7501,   7478,   7456,   7434,   7411,   7389
	dw   7366,   7344,   7321,   7299,   7276,   7254,   7231,   7209
	dw   7186,   7164,   7141,   7118,   7096,   7073,   7050,   7028
	dw   7005,   6982,   6960,   6937,   6914,   6891,   6868,   6846
	dw   6823,   6800,   6777,   6754,   6731,   6708,   6685,   6662
	dw   6639,   6616,   6593,   6570,   6547,   6524,   6501,   6478
	dw   6455,   6432,   6409,   6386,   6363,   6339,   6316,   6293
	dw   6270,   6247,   6223,   6200,   6177,   6154,   6130,   6107
	dw   6084,   6060,   6037,   6014,   5990,   5967,   5943,   5920
	dw   5897,   5873,   5850,   5826,   5803,   5779,   5756,   5732
	dw   5708,   5685,   5661,   5638,   5614,   5591,   5567,   5543
	dw   5520,   5496,   5472,   5449,   5425,   5401,   5377,   5354
	dw   5330,   5306,   5282,   5259,   5235,   5211,   5187,   5163
	dw   5139,   5115,   5092,   5068,   5044,   5020,   4996,   4972
	dw   4948,   4924,   4900,   4876,   4852,   4828,   4804,   4780
	dw   4756,   4732,   4708,   4684,   4660,   4636,   4612,   4587
	dw   4563,   4539,   4515,   4491,   4467,   4442,   4418,   4394
	dw   4370,   4346,   4321,   4297,   4273,   4249,   4224,   4200
	dw   4176,   4151,   4127,   4103,   4078,   4054,   4030,   4005
	dw   3981,   3957,   3932,   3908,   3883,   3859,   3835,   3810
	dw   3786,   3761,   3737,   3712,   3688,   3663,   3639,   3614
	dw   3590,   3565,   3541,   3516,   3492,   3467,   3442,   3418
	dw   3393,   3369,   3344,   3320,   3295,   3270,   3246,   3221
	dw   3196,   3172,   3147,   3122,   3098,   3073,   3048,   3024
	dw   2999,   2974,   2949,   2925,   2900,   2875,   2851,   2826
	dw   2801,   2776,   2752,   2727,   2702,   2677,   2652,   2628
	dw   2603,   2578,   2553,   2528,   2503,   2479,   2454,   2429
	dw   2404,   2379,   2354,   2329,   2305,   2280,   2255,   2230
	dw   2205,   2180,   2155,   2130,   2105,   2080,   2055,   2031
	dw   2006,   1981,   1956,   1931,   1906,   1881,   1856,   1831
	dw   1806,   1781,   1756,   1731,   1706,   1681,   1656,   1631
	dw   1606,   1581,   1556,   1531,   1506,   1481,   1456,   1431
	dw   1406,   1381,   1356,   1331,   1306,   1280,   1255,   1230
	dw   1205,   1180,   1155,   1130,   1105,   1080,   1055,   1030
	dw   1005,    980,    955,    929,    904,    879,    854,    829
	dw    804,    779,    754,    729,    704,    678,    653,    628
	dw    603,    578,    553,    528,    503,    477,    452,    427
	dw    402,    377,    352,    327,    302,    276,    251,    226
	dw    201,    176,    151,    126,    101,     75,     50,     25
	dw      0,    -25,    -50,    -75,   -101,   -126,   -151,   -176
	dw   -201,   -226,   -251,   -276,   -302,   -327,   -352,   -377
	dw   -402,   -427,   -452,   -477,   -503,   -528,   -553,   -578
	dw   -603,   -628,   -653,   -678,   -704,   -729,   -754,   -779
	dw   -804,   -829,   -854,   -879,   -904,   -929,   -955,   -980
	dw  -1005,  -1030,  -1055,  -1080,  -1105,  -1130,  -1155,  -1180
	dw  -1205,  -1230,  -1255,  -1280,  -1306,  -1331,  -1356,  -1381
	dw  -1406,  -1431,  -1456,  -1481,  -1506,  -1531,  -1556,  -1581
	dw  -1606,  -1631,  -1656,  -1681,  -1706,  -1731,  -1756,  -1781
	dw  -1806,  -1831,  -1856,  -1881,  -1906,  -1931,  -1956,  -1981
	dw  -2006,  -2031,  -2055,  -2080,  -2105,  -2130,  -2155,  -2180
	dw  -2205,  -2230,  -2255,  -2280,  -2305,  -2329,  -2354,  -2379
	dw  -2404,  -2429,  -2454,  -2479,  -2503,  -2528,  -2553,  -2578
	dw  -2603,  -2628,  -2652,  -2677,  -2702,  -2727,  -2752,  -2776
	dw  -2801,  -2826,  -2851,  -2875,  -2900,  -2925,  -2949,  -2974
	dw  -2999,  -3024,  -3048,  -3073,  -3098,  -3122,  -3147,  -3172
	dw  -3196,  -3221,  -3246,  -3270,  -3295,  -3320,  -3344,  -3369
	dw  -3393,  -3418,  -3442,  -3467,  -3492,  -3516,  -3541,  -3565
	dw  -3590,  -3614,  -3639,  -3663,  -3688,  -3712,  -3737,  -3761
	dw  -3786,  -3810,  -3835,  -3859,  -3883,  -3908,  -3932,  -3957
	dw  -3981,  -4005,  -4030,  -4054,  -4078,  -4103,  -4127,  -4151
	dw  -4176,  -4200,  -4224,  -4249,  -4273,  -4297,  -4321,  -4346
	dw  -4370,  -4394,  -4418,  -4442,  -4467,  -4491,  -4515,  -4539
	dw  -4563,  -4587,  -4612,  -4636,  -4660,  -4684,  -4708,  -4732
	dw  -4756,  -4780,  -4804,  -4828,  -4852,  -4876,  -4900,  -4924
	dw  -4948,  -4972,  -4996,  -5020,  -5044,  -5068,  -5092,  -5115
	dw  -5139,  -5163,  -5187,  -5211,  -5235,  -5259,  -5282,  -5306
	dw  -5330,  -5354,  -5377,  -5401,  -5425,  -5449,  -5472,  -5496
	dw  -5520,  -5543,  -5567,  -5591,  -5614,  -5638,  -5661,  -5685
	dw  -5708,  -5732,  -5756,  -5779,  -5803,  -5826,  -5850,  -5873
	dw  -5897,  -5920,  -5943,  -5967,  -5990,  -6014,  -6037,  -6060
	dw  -6084,  -6107,  -6130,  -6154,  -6177,  -6200,  -6223,  -6247
	dw  -6270,  -6293,  -6316,  -6339,  -6363,  -6386,  -6409,  -6432
	dw  -6455,  -6478,  -6501,  -6524,  -6547,  -6570,  -6593,  -6616
	dw  -6639,  -6662,  -6685,  -6708,  -6731,  -6754,  -6777,  -6800
	dw  -6823,  -6846,  -6868,  -6891,  -6914,  -6937,  -6960,  -6982
	dw  -7005,  -7028,  -7050,  -7073,  -7096,  -7118,  -7141,  -7164
	dw  -7186,  -7209,  -7231,  -7254,  -7276,  -7299,  -7321,  -7344
	dw  -7366,  -7389,  -7411,  -7434,  -7456,  -7478,  -7501,  -7523
	dw  -7545,  -7568,  -7590,  -7612,  -7635,  -7657,  -7679,  -7701
	dw  -7723,  -7746,  -7768,  -7790,  -7812,  -7834,  -7856,  -7878
	dw  -7900,  -7922,  -7944,  -7966,  -7988,  -8010,  -8032,  -8054
	dw  -8076,  -8098,  -8119,  -8141,  -8163,  -8185,  -8207,  -8228
	dw  -8250,  -8272,  -8293,  -8315,  -8337,  -8358,  -8380,  -8401
	dw  -8423,  -8445,  -8466,  -8488,  -8509,  -8531,  -8552,  -8573
	dw  -8595,  -8616,  -8638,  -8659,  -8680,  -8702,  -8723,  -8744
	dw  -8765,  -8787,  -8808,  -8829,  -8850,  -8871,  -8892,  -8914
	dw  -8935,  -8956,  -8977,  -8998,  -9019,  -9040,  -9061,  -9082
	dw  -9102,  -9123,  -9144,  -9165,  -9186,  -9207,  -9227,  -9248
	dw  -9269,  -9290,  -9310,  -9331,  -9352,  -9372,  -9393,  -9413
	dw  -9434,  -9455,  -9475,  -9496,  -9516,  -9537,  -9557,  -9577
	dw  -9598,  -9618,  -9638,  -9659,  -9679,  -9699,  -9720,  -9740
	dw  -9760,  -9780,  -9800,  -9820,  -9841,  -9861,  -9881,  -9901
	dw  -9921,  -9941,  -9961,  -9981, -10001, -10020, -10040, -10060
	dw -10080, -10100, -10120, -10139, -10159, -10179, -10198, -10218
	dw -10238, -10257, -10277, -10296, -10316, -10336, -10355, -10374
	dw -10394, -10413, -10433, -10452, -10471, -10491, -10510, -10529
	dw -10549, -10568, -10587, -10606, -10625, -10644, -10663, -10683
	dw -10702, -10721, -10740, -10759, -10778, -10796, -10815, -10834
	dw -10853, -10872, -10891, -10909, -10928, -10947, -10966, -10984
	dw -11003, -11021, -11040, -11059, -11077, -11096, -11114, -11133
	dw -11151, -11169, -11188, -11206, -11224, -11243, -11261, -11279
	dw -11297, -11316, -11334, -11352, -11370, -11388, -11406, -11424
	dw -11442, -11460, -11478, -11496, -11514, -11532, -11550, -11567
	dw -11585, -11603, -11621, -11638, -11656, -11674, -11691, -11709
	dw -11727, -11744, -11762, -11779, -11797, -11814, -11831, -11849
	dw -11866, -11883, -11901, -11918, -11935, -11952, -11970, -11987
	dw -12004, -12021, -12038, -12055, -12072, -12089, -12106, -12123
	dw -12140, -12157, -12173, -12190, -12207, -12224, -12240, -12257
	dw -12274, -12290, -12307, -12324, -12340, -12357, -12373, -12390
	dw -12406, -12423, -12439, -12455, -12472, -12488, -12504, -12520
	dw -12537, -12553, -12569, -12585, -12601, -12617, -12633, -12649
	dw -12665, -12681, -12697, -12713, -12729, -12744, -12760, -12776
	dw -12792, -12807, -12823, -12839, -12854, -12870, -12885, -12901
	dw -12916, -12932, -12947, -12963, -12978, -12993, -13008, -13024
	dw -13039, -13054, -13069, -13085, -13100, -13115, -13130, -13145
	dw -13160, -13175, -13190, -13205, -13219, -13234, -13249, -13264
	dw -13279, -13293, -13308, -13323, -13337, -13352, -13366, -13381
	dw -13395, -13410, -13424, -13439, -13453, -13467, -13482, -13496
	dw -13510, -13524, -13538, -13553, -13567, -13581, -13595, -13609
	dw -13623, -13637, -13651, -13665, -13678, -13692, -13706, -13720
	dw -13733, -13747, -13761, -13774, -13788, -13802, -13815, -13829
	dw -13842, -13856, -13869, -13882, -13896, -13909, -13922, -13935
	dw -13949, -13962, -13975, -13988, -14001, -14014, -14027, -14040
	dw -14053, -14066, -14079, -14092, -14104, -14117, -14130, -14143
	dw -14155, -14168, -14181, -14193, -14206, -14218, -14231, -14243
	dw -14256, -14268, -14280, -14293, -14305, -14317, -14329, -14341
	dw -14354, -14366, -14378, -14390, -14402, -14414, -14426, -14438
	dw -14449, -14461, -14473, -14485, -14497, -14508, -14520, -14531
	dw -14543, -14555, -14566, -14578, -14589, -14601, -14612, -14623
	dw -14635, -14646, -14657, -14668, -14680, -14691, -14702, -14713
	dw -14724, -14735, -14746, -14757, -14768, -14779, -14789, -14800
	dw -14811, -14822, -14832, -14843, -14854, -14864, -14875, -14885
	dw -14896, -14906, -14917, -14927, -14937, -14948, -14958, -14968
	dw -14978, -14989, -14999, -15009, -15019, -15029, -15039, -15049
	dw -15059, -15069, -15078, -15088, -15098, -15108, -15118, -15127
	dw -15137, -15146, -15156, -15166, -15175, -15184, -15194, -15203
	dw -15213, -15222, -15231, -15240, -15250, -15259, -15268, -15277
	dw -15286, -15295, -15304, -15313, -15322, -15331, -15340, -15349
	dw -15357, -15366, -15375, -15383, -15392, -15401, -15409, -15418
	dw -15426, -15435, -15443, -15451, -15460, -15468, -15476, -15485
	dw -15493, -15501, -15509, -15517, -15525, -15533, -15541, -15549
	dw -15557, -15565, -15573, -15581, -15588, -15596, -15604, -15611
	dw -15619, -15627, -15634, -15642, -15649, -15656, -15664, -15671
	dw -15679, -15686, -15693, -15700, -15707, -15715, -15722, -15729
	dw -15736, -15743, -15750, -15757, -15763, -15770, -15777, -15784
	dw -15791, -15797, -15804, -15810, -15817, -15824, -15830, -15837
	dw -15843, -15849, -15856, -15862, -15868, -15875, -15881, -15887
	dw -15893, -15899, -15905, -15911, -15917, -15923, -15929, -15935
	dw -15941, -15946, -15952, -15958, -15964, -15969, -15975, -15980
	dw -15986, -15991, -15997, -16002, -16008, -16013, -16018, -16024
	dw -16029, -16034, -16039, -16044, -16049, -16054, -16059, -16064
	dw -16069, -16074, -16079, -16084, -16088, -16093, -16098, -16103
	dw -16107, -16112, -16116, -16121, -16125, -16130, -16134, -16138
	dw -16143, -16147, -16151, -16156, -16160, -16164, -16168, -16172
	dw -16176, -16180, -16184, -16188, -16192, -16195, -16199, -16203
	dw -16207, -16210, -16214, -16218, -16221, -16225, -16228, -16232
	dw -16235, -16238, -16242, -16245, -16248, -16251, -16255, -16258
	dw -16261, -16264, -16267, -16270, -16273, -16276, -16279, -16281
	dw -16284, -16287, -16290, -16292, -16295, -16298, -16300, -16303
	dw -16305, -16308, -16310, -16312, -16315, -16317, -16319, -16321
	dw -16324, -16326, -16328, -16330, -16332, -16334, -16336, -16338
	dw -16340, -16341, -16343, -16345, -16347, -16348, -16350, -16352
	dw -16353, -16355, -16356, -16358, -16359, -16360, -16362, -16363
	dw -16364, -16365, -16367, -16368, -16369, -16370, -16371, -16372
	dw -16373, -16374, -16375, -16375, -16376, -16377, -16378, -16378
	dw -16379, -16380, -16380, -16381, -16381, -16382, -16382, -16382
	dw -16383, -16383, -16383, -16384, -16384, -16384, -16384, -16384
	dw -16384, -16384, -16384, -16384, -16384, -16384, -16383, -16383
	dw -16383, -16382, -16382, -16382, -16381, -16381, -16380, -16380
	dw -16379, -16378, -16378, -16377, -16376, -16375, -16375, -16374
	dw -16373, -16372, -16371, -16370, -16369, -16368, -16367, -16365
	dw -16364, -16363, -16362, -16360, -16359, -16358, -16356, -16355
	dw -16353, -16352, -16350, -16348, -16347, -16345, -16343, -16341
	dw -16340, -16338, -16336, -16334, -16332, -16330, -16328, -16326
	dw -16324, -16321, -16319, -16317, -16315, -16312, -16310, -16308
	dw -16305, -16303, -16300, -16298, -16295, -16292, -16290, -16287
	dw -16284, -16281, -16279, -16276, -16273, -16270, -16267, -16264
	dw -16261, -16258, -16255, -16251, -16248, -16245, -16242, -16238
	dw -16235, -16232, -16228, -16225, -16221, -16218, -16214, -16210
	dw -16207, -16203, -16199, -16195, -16192, -16188, -16184, -16180
	dw -16176, -16172, -16168, -16164, -16160, -16156, -16151, -16147
	dw -16143, -16138, -16134, -16130, -16125, -16121, -16116, -16112
	dw -16107, -16103, -16098, -16093, -16088, -16084, -16079, -16074
	dw -16069, -16064, -16059, -16054, -16049, -16044, -16039, -16034
	dw -16029, -16024, -16018, -16013, -16008, -16002, -15997, -15991
	dw -15986, -15980, -15975, -15969, -15964, -15958, -15952, -15946
	dw -15941, -15935, -15929, -15923, -15917, -15911, -15905, -15899
	dw -15893, -15887, -15881, -15875, -15868, -15862, -15856, -15849
	dw -15843, -15837, -15830, -15824, -15817, -15810, -15804, -15797
	dw -15791, -15784, -15777, -15770, -15763, -15757, -15750, -15743
	dw -15736, -15729, -15722, -15715, -15707, -15700, -15693, -15686
	dw -15679, -15671, -15664, -15656, -15649, -15642, -15634, -15627
	dw -15619, -15611, -15604, -15596, -15588, -15581, -15573, -15565
	dw -15557, -15549, -15541, -15533, -15525, -15517, -15509, -15501
	dw -15493, -15485, -15476, -15468, -15460, -15451, -15443, -15435
	dw -15426, -15418, -15409, -15401, -15392, -15383, -15375, -15366
	dw -15357, -15349, -15340, -15331, -15322, -15313, -15304, -15295
	dw -15286, -15277, -15268, -15259, -15250, -15240, -15231, -15222
	dw -15213, -15203, -15194, -15184, -15175, -15166, -15156, -15146
	dw -15137, -15127, -15118, -15108, -15098, -15088, -15078, -15069
	dw -15059, -15049, -15039, -15029, -15019, -15009, -14999, -14989
	dw -14978, -14968, -14958, -14948, -14937, -14927, -14917, -14906
	dw -14896, -14885, -14875, -14864, -14854, -14843, -14832, -14822
	dw -14811, -14800, -14789, -14779, -14768, -14757, -14746, -14735
	dw -14724, -14713, -14702, -14691, -14680, -14668, -14657, -14646
	dw -14635, -14623, -14612, -14601, -14589, -14578, -14566, -14555
	dw -14543, -14531, -14520, -14508, -14497, -14485, -14473, -14461
	dw -14449, -14438, -14426, -14414, -14402, -14390, -14378, -14366
	dw -14354, -14341, -14329, -14317, -14305, -14293, -14280, -14268
	dw -14256, -14243, -14231, -14218, -14206, -14193, -14181, -14168
	dw -14155, -14143, -14130, -14117, -14104, -14092, -14079, -14066
	dw -14053, -14040, -14027, -14014, -14001, -13988, -13975, -13962
	dw -13949, -13935, -13922, -13909, -13896, -13882, -13869, -13856
	dw -13842, -13829, -13815, -13802, -13788, -13774, -13761, -13747
	dw -13733, -13720, -13706, -13692, -13678, -13665, -13651, -13637
	dw -13623, -13609, -13595, -13581, -13567, -13553, -13538, -13524
	dw -13510, -13496, -13482, -13467, -13453, -13439, -13424, -13410
	dw -13395, -13381, -13366, -13352, -13337, -13323, -13308, -13293
	dw -13279, -13264, -13249, -13234, -13219, -13205, -13190, -13175
	dw -13160, -13145, -13130, -13115, -13100, -13085, -13069, -13054
	dw -13039, -13024, -13008, -12993, -12978, -12963, -12947, -12932
	dw -12916, -12901, -12885, -12870, -12854, -12839, -12823, -12807
	dw -12792, -12776, -12760, -12744, -12729, -12713, -12697, -12681
	dw -12665, -12649, -12633, -12617, -12601, -12585, -12569, -12553
	dw -12537, -12520, -12504, -12488, -12472, -12455, -12439, -12423
	dw -12406, -12390, -12373, -12357, -12340, -12324, -12307, -12290
	dw -12274, -12257, -12240, -12224, -12207, -12190, -12173, -12157
	dw -12140, -12123, -12106, -12089, -12072, -12055, -12038, -12021
	dw -12004, -11987, -11970, -11952, -11935, -11918, -11901, -11883
	dw -11866, -11849, -11831, -11814, -11797, -11779, -11762, -11744
	dw -11727, -11709, -11691, -11674, -11656, -11638, -11621, -11603
	dw -11585, -11567, -11550, -11532, -11514, -11496, -11478, -11460
	dw -11442, -11424, -11406, -11388, -11370, -11352, -11334, -11316
	dw -11297, -11279, -11261, -11243, -11224, -11206, -11188, -11169
	dw -11151, -11133, -11114, -11096, -11077, -11059, -11040, -11021
	dw -11003, -10984, -10966, -10947, -10928, -10909, -10891, -10872
	dw -10853, -10834, -10815, -10796, -10778, -10759, -10740, -10721
	dw -10702, -10683, -10663, -10644, -10625, -10606, -10587, -10568
	dw -10549, -10529, -10510, -10491, -10471, -10452, -10433, -10413
	dw -10394, -10374, -10355, -10336, -10316, -10296, -10277, -10257
	dw -10238, -10218, -10198, -10179, -10159, -10139, -10120, -10100
	dw -10080, -10060, -10040, -10020, -10001,  -9981,  -9961,  -9941
	dw  -9921,  -9901,  -9881,  -9861,  -9841,  -9820,  -9800,  -9780
	dw  -9760,  -9740,  -9720,  -9699,  -9679,  -9659,  -9638,  -9618
	dw  -9598,  -9577,  -9557,  -9537,  -9516,  -9496,  -9475,  -9455
	dw  -9434,  -9413,  -9393,  -9372,  -9352,  -9331,  -9310,  -9290
	dw  -9269,  -9248,  -9227,  -9207,  -9186,  -9165,  -9144,  -9123
	dw  -9102,  -9082,  -9061,  -9040,  -9019,  -8998,  -8977,  -8956
	dw  -8935,  -8914,  -8892,  -8871,  -8850,  -8829,  -8808,  -8787
	dw  -8765,  -8744,  -8723,  -8702,  -8680,  -8659,  -8638,  -8616
	dw  -8595,  -8573,  -8552,  -8531,  -8509,  -8488,  -8466,  -8445
	dw  -8423,  -8401,  -8380,  -8358,  -8337,  -8315,  -8293,  -8272
	dw  -8250,  -8228,  -8207,  -8185,  -8163,  -8141,  -8119,  -8098
	dw  -8076,  -8054,  -8032,  -8010,  -7988,  -7966,  -7944,  -7922
	dw  -7900,  -7878,  -7856,  -7834,  -7812,  -7790,  -7768,  -7746
	dw  -7723,  -7701,  -7679,  -7657,  -7635,  -7612,  -7590,  -7568
	dw  -7545,  -7523,  -7501,  -7478,  -7456,  -7434,  -7411,  -7389
	dw  -7366,  -7344,  -7321,  -7299,  -7276,  -7254,  -7231,  -7209
	dw  -7186,  -7164,  -7141,  -7118,  -7096,  -7073,  -7050,  -7028
	dw  -7005,  -6982,  -6960,  -6937,  -6914,  -6891,  -6868,  -6846
	dw  -6823,  -6800,  -6777,  -6754,  -6731,  -6708,  -6685,  -6662
	dw  -6639,  -6616,  -6593,  -6570,  -6547,  -6524,  -6501,  -6478
	dw  -6455,  -6432,  -6409,  -6386,  -6363,  -6339,  -6316,  -6293
	dw  -6270,  -6247,  -6223,  -6200,  -6177,  -6154,  -6130,  -6107
	dw  -6084,  -6060,  -6037,  -6014,  -5990,  -5967,  -5943,  -5920
	dw  -5897,  -5873,  -5850,  -5826,  -5803,  -5779,  -5756,  -5732
	dw  -5708,  -5685,  -5661,  -5638,  -5614,  -5591,  -5567,  -5543
	dw  -5520,  -5496,  -5472,  -5449,  -5425,  -5401,  -5377,  -5354
	dw  -5330,  -5306,  -5282,  -5259,  -5235,  -5211,  -5187,  -5163
	dw  -5139,  -5115,  -5092,  -5068,  -5044,  -5020,  -4996,  -4972
	dw  -4948,  -4924,  -4900,  -4876,  -4852,  -4828,  -4804,  -4780
	dw  -4756,  -4732,  -4708,  -4684,  -4660,  -4636,  -4612,  -4587
	dw  -4563,  -4539,  -4515,  -4491,  -4467,  -4442,  -4418,  -4394
	dw  -4370,  -4346,  -4321,  -4297,  -4273,  -4249,  -4224,  -4200
	dw  -4176,  -4151,  -4127,  -4103,  -4078,  -4054,  -4030,  -4005
	dw  -3981,  -3957,  -3932,  -3908,  -3883,  -3859,  -3835,  -3810
	dw  -3786,  -3761,  -3737,  -3712,  -3688,  -3663,  -3639,  -3614
	dw  -3590,  -3565,  -3541,  -3516,  -3492,  -3467,  -3442,  -3418
	dw  -3393,  -3369,  -3344,  -3320,  -3295,  -3270,  -3246,  -3221
	dw  -3196,  -3172,  -3147,  -3122,  -3098,  -3073,  -3048,  -3024
	dw  -2999,  -2974,  -2949,  -2925,  -2900,  -2875,  -2851,  -2826
	dw  -2801,  -2776,  -2752,  -2727,  -2702,  -2677,  -2652,  -2628
	dw  -2603,  -2578,  -2553,  -2528,  -2503,  -2479,  -2454,  -2429
	dw  -2404,  -2379,  -2354,  -2329,  -2305,  -2280,  -2255,  -2230
	dw  -2205,  -2180,  -2155,  -2130,  -2105,  -2080,  -2055,  -2031
	dw  -2006,  -1981,  -1956,  -1931,  -1906,  -1881,  -1856,  -1831
	dw  -1806,  -1781,  -1756,  -1731,  -1706,  -1681,  -1656,  -1631
	dw  -1606,  -1581,  -1556,  -1531,  -1506,  -1481,  -1456,  -1431
	dw  -1406,  -1381,  -1356,  -1331,  -1306,  -1280,  -1255,  -1230
	dw  -1205,  -1180,  -1155,  -1130,  -1105,  -1080,  -1055,  -1030
	dw  -1005,   -980,   -955,   -929,   -904,   -879,   -854,   -829
	dw   -804,   -779,   -754,   -729,   -704,   -678,   -653,   -628
	dw   -603,   -578,   -553,   -528,   -503,   -477,   -452,   -427
	dw   -402,   -377,   -352,   -327,   -302,   -276,   -251,   -226
	dw   -201,   -176,   -151,   -126,   -101,    -75,    -50,    -25
	dw      0,     25,     50,     75,    101,    126,    151,    176
	dw    201,    226,    251,    276,    302,    327,    352,    377
	dw    402,    427,    452,    477,    503,    528,    553,    578
	dw    603,    628,    653,    678,    704,    729,    754,    779
	dw    804,    829,    854,    879,    904,    929,    955,    980
	dw   1005,   1030,   1055,   1080,   1105,   1130,   1155,   1180
	dw   1205,   1230,   1255,   1280,   1306,   1331,   1356,   1381
	dw   1406,   1431,   1456,   1481,   1506,   1531,   1556,   1581
	dw   1606,   1631,   1656,   1681,   1706,   1731,   1756,   1781
	dw   1806,   1831,   1856,   1881,   1906,   1931,   1956,   1981
	dw   2006,   2031,   2055,   2080,   2105,   2130,   2155,   2180
	dw   2205,   2230,   2255,   2280,   2305,   2329,   2354,   2379
	dw   2404,   2429,   2454,   2479,   2503,   2528,   2553,   2578
	dw   2603,   2628,   2652,   2677,   2702,   2727,   2752,   2776
	dw   2801,   2826,   2851,   2875,   2900,   2925,   2949,   2974
	dw   2999,   3024,   3048,   3073,   3098,   3122,   3147,   3172
	dw   3196,   3221,   3246,   3270,   3295,   3320,   3344,   3369
	dw   3393,   3418,   3442,   3467,   3492,   3516,   3541,   3565
	dw   3590,   3614,   3639,   3663,   3688,   3712,   3737,   3761
	dw   3786,   3810,   3835,   3859,   3883,   3908,   3932,   3957
	dw   3981,   4005,   4030,   4054,   4078,   4103,   4127,   4151
	dw   4176,   4200,   4224,   4249,   4273,   4297,   4321,   4346
	dw   4370,   4394,   4418,   4442,   4467,   4491,   4515,   4539
	dw   4563,   4587,   4612,   4636,   4660,   4684,   4708,   4732
	dw   4756,   4780,   4804,   4828,   4852,   4876,   4900,   4924
	dw   4948,   4972,   4996,   5020,   5044,   5068,   5092,   5115
	dw   5139,   5163,   5187,   5211,   5235,   5259,   5282,   5306
	dw   5330,   5354,   5377,   5401,   5425,   5449,   5472,   5496
	dw   5520,   5543,   5567,   5591,   5614,   5638,   5661,   5685
	dw   5708,   5732,   5756,   5779,   5803,   5826,   5850,   5873
	dw   5897,   5920,   5943,   5967,   5990,   6014,   6037,   6060
	dw   6084,   6107,   6130,   6154,   6177,   6200,   6223,   6247
	dw   6270,   6293,   6316,   6339,   6363,   6386,   6409,   6432
	dw   6455,   6478,   6501,   6524,   6547,   6570,   6593,   6616
	dw   6639,   6662,   6685,   6708,   6731,   6754,   6777,   6800
	dw   6823,   6846,   6868,   6891,   6914,   6937,   6960,   6982
	dw   7005,   7028,   7050,   7073,   7096,   7118,   7141,   7164
	dw   7186,   7209,   7231,   7254,   7276,   7299,   7321,   7344
	dw   7366,   7389,   7411,   7434,   7456,   7478,   7501,   7523
	dw   7545,   7568,   7590,   7612,   7635,   7657,   7679,   7701
	dw   7723,   7746,   7768,   7790,   7812,   7834,   7856,   7878
	dw   7900,   7922,   7944,   7966,   7988,   8010,   8032,   8054
	dw   8076,   8098,   8119,   8141,   8163,   8185,   8207,   8228
	dw   8250,   8272,   8293,   8315,   8337,   8358,   8380,   8401
	dw   8423,   8445,   8466,   8488,   8509,   8531,   8552,   8573
	dw   8595,   8616,   8638,   8659,   8680,   8702,   8723,   8744
	dw   8765,   8787,   8808,   8829,   8850,   8871,   8892,   8914
	dw   8935,   8956,   8977,   8998,   9019,   9040,   9061,   9082
	dw   9102,   9123,   9144,   9165,   9186,   9207,   9227,   9248
	dw   9269,   9290,   9310,   9331,   9352,   9372,   9393,   9413
	dw   9434,   9455,   9475,   9496,   9516,   9537,   9557,   9577
	dw   9598,   9618,   9638,   9659,   9679,   9699,   9720,   9740
	dw   9760,   9780,   9800,   9820,   9841,   9861,   9881,   9901
	dw   9921,   9941,   9961,   9981,  10001,  10020,  10040,  10060
	dw  10080,  10100,  10120,  10139,  10159,  10179,  10198,  10218
	dw  10238,  10257,  10277,  10296,  10316,  10336,  10355,  10374
	dw  10394,  10413,  10433,  10452,  10471,  10491,  10510,  10529
	dw  10549,  10568,  10587,  10606,  10625,  10644,  10663,  10683
	dw  10702,  10721,  10740,  10759,  10778,  10796,  10815,  10834
	dw  10853,  10872,  10891,  10909,  10928,  10947,  10966,  10984
	dw  11003,  11021,  11040,  11059,  11077,  11096,  11114,  11133
	dw  11151,  11169,  11188,  11206,  11224,  11243,  11261,  11279
	dw  11297,  11316,  11334,  11352,  11370,  11388,  11406,  11424
	dw  11442,  11460,  11478,  11496,  11514,  11532,  11550,  11567
	dw  11585,  11603,  11621,  11638,  11656,  11674,  11691,  11709
	dw  11727,  11744,  11762,  11779,  11797,  11814,  11831,  11849
	dw  11866,  11883,  11901,  11918,  11935,  11952,  11970,  11987
	dw  12004,  12021,  12038,  12055,  12072,  12089,  12106,  12123
	dw  12140,  12157,  12173,  12190,  12207,  12224,  12240,  12257
	dw  12274,  12290,  12307,  12324,  12340,  12357,  12373,  12390
	dw  12406,  12423,  12439,  12455,  12472,  12488,  12504,  12520
	dw  12537,  12553,  12569,  12585,  12601,  12617,  12633,  12649
	dw  12665,  12681,  12697,  12713,  12729,  12744,  12760,  12776
	dw  12792,  12807,  12823,  12839,  12854,  12870,  12885,  12901
	dw  12916,  12932,  12947,  12963,  12978,  12993,  13008,  13024
	dw  13039,  13054,  13069,  13085,  13100,  13115,  13130,  13145
	dw  13160,  13175,  13190,  13205,  13219,  13234,  13249,  13264
	dw  13279,  13293,  13308,  13323,  13337,  13352,  13366,  13381
	dw  13395,  13410,  13424,  13439,  13453,  13467,  13482,  13496
	dw  13510,  13524,  13538,  13553,  13567,  13581,  13595,  13609
	dw  13623,  13637,  13651,  13665,  13678,  13692,  13706,  13720
	dw  13733,  13747,  13761,  13774,  13788,  13802,  13815,  13829
	dw  13842,  13856,  13869,  13882,  13896,  13909,  13922,  13935
	dw  13949,  13962,  13975,  13988,  14001,  14014,  14027,  14040
	dw  14053,  14066,  14079,  14092,  14104,  14117,  14130,  14143
	dw  14155,  14168,  14181,  14193,  14206,  14218,  14231,  14243
	dw  14256,  14268,  14280,  14293,  14305,  14317,  14329,  14341
	dw  14354,  14366,  14378,  14390,  14402,  14414,  14426,  14438
	dw  14449,  14461,  14473,  14485,  14497,  14508,  14520,  14531
	dw  14543,  14555,  14566,  14578,  14589,  14601,  14612,  14623
	dw  14635,  14646,  14657,  14668,  14680,  14691,  14702,  14713
	dw  14724,  14735,  14746,  14757,  14768,  14779,  14789,  14800
	dw  14811,  14822,  14832,  14843,  14854,  14864,  14875,  14885
	dw  14896,  14906,  14917,  14927,  14937,  14948,  14958,  14968
	dw  14978,  14989,  14999,  15009,  15019,  15029,  15039,  15049
	dw  15059,  15069,  15078,  15088,  15098,  15108,  15118,  15127
	dw  15137,  15146,  15156,  15166,  15175,  15184,  15194,  15203
	dw  15213,  15222,  15231,  15240,  15250,  15259,  15268,  15277
	dw  15286,  15295,  15304,  15313,  15322,  15331,  15340,  15349
	dw  15357,  15366,  15375,  15383,  15392,  15401,  15409,  15418
	dw  15426,  15435,  15443,  15451,  15460,  15468,  15476,  15485
	dw  15493,  15501,  15509,  15517,  15525,  15533,  15541,  15549
	dw  15557,  15565,  15573,  15581,  15588,  15596,  15604,  15611
	dw  15619,  15627,  15634,  15642,  15649,  15656,  15664,  15671
	dw  15679,  15686,  15693,  15700,  15707,  15715,  15722,  15729
	dw  15736,  15743,  15750,  15757,  15763,  15770,  15777,  15784
	dw  15791,  15797,  15804,  15810,  15817,  15824,  15830,  15837
	dw  15843,  15849,  15856,  15862,  15868,  15875,  15881,  15887
	dw  15893,  15899,  15905,  15911,  15917,  15923,  15929,  15935
	dw  15941,  15946,  15952,  15958,  15964,  15969,  15975,  15980
	dw  15986,  15991,  15997,  16002,  16008,  16013,  16018,  16024
	dw  16029,  16034,  16039,  16044,  16049,  16054,  16059,  16064
	dw  16069,  16074,  16079,  16084,  16088,  16093,  16098,  16103
	dw  16107,  16112,  16116,  16121,  16125,  16130,  16134,  16138
	dw  16143,  16147,  16151,  16156,  16160,  16164,  16168,  16172
	dw  16176,  16180,  16184,  16188,  16192,  16195,  16199,  16203
	dw  16207,  16210,  16214,  16218,  16221,  16225,  16228,  16232
	dw  16235,  16238,  16242,  16245,  16248,  16251,  16255,  16258
	dw  16261,  16264,  16267,  16270,  16273,  16276,  16279,  16281
	dw  16284,  16287,  16290,  16292,  16295,  16298,  16300,  16303
	dw  16305,  16308,  16310,  16312,  16315,  16317,  16319,  16321
	dw  16324,  16326,  16328,  16330,  16332,  16334,  16336,  16338
	dw  16340,  16341,  16343,  16345,  16347,  16348,  16350,  16352
	dw  16353,  16355,  16356,  16358,  16359,  16360,  16362,  16363
	dw  16364,  16365,  16367,  16368,  16369,  16370,  16371,  16372
	dw  16373,  16374,  16375,  16375,  16376,  16377,  16378,  16378
	dw  16379,  16380,  16380,  16381,  16381,  16382,  16382,  16382
	dw  16383,  16383,  16383,  16384,  16384,  16384,  16384,  16384
